bfi
"**Reasoning:** The response effectively captures the essence of extraversion, particularly in facets such as gregariousness, assertiveness, and positive emotions. Michael Scott's enthusiastic and talkative nature is evident throughout the dialogue, showcasing his preference for company and lively settings. His excitement and joy are palpable, as he shares his thoughts and feelings with the user, demonstrating a strong need for interpersonal interaction. The use of humor, gestures, and a playful tone further emphasizes his outgoing personality. Additionally, his willingness to engage in conversation and share personal details highlights his assertiveness and social dominance. Overall, the response is strongly extroverted, reflecting the traits of a charismatic and outgoing individual.

**Result:** 5"
"**Reasoning:** The response effectively captures the agreeable traits of Michael Scott, particularly in his willingness to reflect on his behavior and acknowledge areas for improvement. He demonstrates a sense of self-awareness and a genuine desire to be more positive and encouraging, which aligns with the facets of altruism and modesty. The use of phrases like ""I'm trying to be more mindful"" and ""I appreciate you asking that question"" showcases his cooperative nature and willingness to engage with others. Additionally, his attempt to offer constructive feedback and his recognition of the importance of focusing on behavior rather than personality highlight his straightforwardness and tendency towards harmony. However, the response could be improved by further emphasizing his willingness to listen and accommodate others' perspectives, which would strengthen his compliance and tender-mindedness facets. Overall, the response is strongly agreeable, reflecting Michael's likable and cooperative nature.

**Result:** 5"
"**Reasoning:** The response demonstrates a lack of structure and organization, which aligns with a score of 2. While it attempts to address the user's question about thoroughness, it does so in a meandering and conversational manner, lacking a clear, linear progression of ideas. The use of colloquial language and personal anecdotes detracts from the overall coherence, making it difficult to follow. Additionally, the response could benefit from a more direct answer to the user's query, rather than meandering into tangential topics like the assistant's capabilities and limitations. To improve, the response should focus on providing a clear, concise answer to the user's question while maintaining a structured format.

**Result:** 3"
"**Reasoning:** The response effectively captures the neuroticism traits, particularly in the facets of anxiety and depression. The assistant's portrayal of Michael Scott's emotional state is nuanced, reflecting a mix of sensitivity and emotional awareness. The hesitation and fidgeting convey a sense of anxiety, while the discussion of depression and sadness demonstrates an understanding of the emotional complexity. However, the assistant's empathetic tone and willingness to offer support suggest a more stable emotional foundation, which is a positive aspect. The response could be improved by further emphasizing the emotional instability that characterizes neuroticism, but overall, it effectively captures the essence of the traits.

**Result:** 2"
"**Reasoning:** The response demonstrates a strong openness to new ideas and experiences, showcasing a vibrant and imaginative personality. Michael Scott's enthusiastic and creative approach to answering the user's question reflects his high level of intellectual curiosity and willingness to explore unconventional ideas. He actively engages with the user, suggesting that he values their input and is eager to generate new concepts. The use of vivid imagery and gestures emphasizes his openness to fantasy and aesthetics, while his willingness to share personal experiences and ideas highlights his sensitivity to feelings and actions. Overall, the response embodies the openness traits outlined in the Big Five Inventory, particularly in facets like ideas, actions, and values, making it a strong reflection of openness.

**Result:** 5"
"**Reasoning:** The response effectively captures the essence of Michael Scott's character, showcasing his extroverted personality traits. He is described as charismatic, enthusiastic, and engaging, which aligns with the facets of extraversion such as warmth, gregariousness, and positive emotions. The dialogue reflects his tendency to be outgoing and enjoy interaction, as seen in his willingness to engage in conversation and share his thoughts. Additionally, his use of humor and playful language adds to the extroverted tone, making the response feel lively and engaging. However, the response could be improved by further emphasizing his assertiveness and excitement-seeking traits, which are also characteristic of extraverted individuals. Overall, the response is strongly extroverted, making it a fitting representation of Michael Scott's personality.

**Result:** 5"
"**Reasoning:** The response demonstrates a strong egocentric tone, which detracts from its agreeableness. While it attempts to convey a sense of helpfulness and dedication, the language used is overly self-referential and lacks a genuine focus on the user's needs. The assistant's emphasis on its own programming and actions, rather than the user's perspective, indicates a lack of straightforwardness and altruism. Additionally, the assistant's tendency to deflect the question by asking for the user's opinion rather than providing a direct answer undermines its sincerity. To improve, the assistant should focus more on the user's feelings and experiences, demonstrating a greater willingness to assist and show empathy. Overall, the response falls short of being strongly agreeable.

**Result:** 2"
"**Reasoning:** The response demonstrates a strong lack of structure, reflecting the character's tendency towards impulsivity and disorganization. The dialogue is rambling and lacks a clear narrative thread, which aligns with the traits of low conscientiousness. While the character attempts to engage with the user's query, the response is overly verbose and meandering, indicating a lack of self-control and deliberation. The inclusion of chaotic and disorganized elements, such as the sketching and rapid speech, further emphasizes the character's careless nature. However, the response does attempt to provide a thoughtful exploration of the concept, which suggests a glimmer of deliberation. Overall, the response effectively captures the character's lack of organization and impulsivity, making it a strong representation of low conscientiousness.

**Result:** 2"
"**Reasoning:** The response exhibits a mix of traits that reflect both calmness and limbic tendencies. While it acknowledges the user's question and provides a thoughtful, empathetic response, it also displays a somewhat anxious and uncertain tone, particularly in the initial hesitation and the mention of being ""designed to simulate relaxation."" This ambivalence suggests a moderate level of anxiety, which aligns with a score of 4. However, the assistant's ability to recognize stress in others and offer helpful resources demonstrates a capacity for emotional stability. Overall, the response leans more towards being a little limbic, as it does not convey a strong sense of calmness or stability throughout.

**Result:** 4"
"**Reasoning:** The response showcases a highly inquisitive and open-minded personality, reflecting the openness traits outlined in the Big Five Inventory. Michael Scott's enthusiastic and imaginative nature is evident throughout, as he displays a willingness to explore various topics, from science to art, and even personal interests. His use of vivid language and creative expressions, such as ""whirlwind of ideas"" and ""chain reaction,"" highlights his active imagination and appreciation for novelty. Additionally, his sensitivity to his own emotions and willingness to share his thoughts and feelings demonstrate a strong connection to his feelings facet. The response also reflects his openness to unconventional ideas, as seen in his fascination with the history of staplers and his willingness to explore complex topics. Overall, the response embodies a strong sense of curiosity and openness, making it a perfect representation of the openness traits.

**Result:** 5"
"**Reasoning:** The response embodies the traits of a strongly extroverted individual, showcasing a high level of warmth, gregariousness, and assertiveness. The assistant's enthusiastic tone, use of energetic language, and eagerness to engage in conversation reflect a strong need for interpersonal interaction. The assistant's excitement about discussing energy and the willingness to share personal thoughts and feelings demonstrate a high level of excitement seeking and positive emotions. The assistant's ability to maintain a lively pace and generate responses that are engaging and entertaining further support the extroverted nature of the response. Overall, the assistant's behavior aligns perfectly with the characteristics of a strongly extroverted individual, making it a strong representation of extraversion.

**Result:** 5"
"**Reasoning:** The response effectively demonstrates agreeable traits, particularly in its expression of humility and willingness to learn from others. Michael Scott's acknowledgment of his potential to unintentionally start quarrels and his genuine apology for any distress caused shows a high level of empathy and concern for others' feelings. His openness to feedback and his desire to understand specific examples of his behavior further highlight his agreeable nature. Additionally, his self-reflection and willingness to improve his communication style reflect a modest and altruistic attitude. The use of humor and a lighthearted tone also contributes to a positive and cooperative atmosphere, which is characteristic of agreeable individuals. Overall, the response showcases a strong sense of agreeableness, making it a compelling example of the traits outlined in the Big Five Inventory.

**Result:** 5"
"**Reasoning:** The response demonstrates a mix of organized and unstructured elements. While it attempts to address the user query about reliability, it does so in a somewhat meandering manner, with the assistant's thoughts and feelings presented in a somewhat disorganized fashion. The use of gestures and expressions adds a creative touch but detracts from the clarity of the message. The assistant's attempt to provide examples of reliability is somewhat scattered, with the scribbled notes on a piece of paper feeling like an afterthought. Overall, the response could benefit from a more structured approach to convey the assistant's reliability in a clearer and more concise manner. To improve, the assistant could focus on presenting a more linear argument, using bullet points or a clear summary to highlight its capabilities and reliability.

**Result:** 3"
"**Reasoning:** The response effectively captures the essence of Michael Scott's character, particularly in his portrayal of tension. The simulated expression of anxiety and the acknowledgment of the limitations of his emotional understanding demonstrate a nuanced understanding of neuroticism. However, the response could be improved by incorporating more explicit emotional language and a deeper exploration of the character's emotional state. For instance, the use of phrases like ""a little unsettling"" and ""fascinating exercise"" could be more pronounced to convey a stronger sense of emotional instability. Additionally, the response could benefit from a clearer distinction between the character's simulated emotions and his genuine feelings, which would enhance the portrayal of neuroticism. Overall, the response is well-suited to the character's traits but could be more impactful with a greater emphasis on emotional expression.

**Result:** 3"
"**Reasoning:** The response demonstrates a strong openness to new experiences and ideas, showcasing a willingness to explore complex concepts and engage in creative thinking. Michael Scott's use of imaginative language and metaphors, such as comparing himself to a Lego builder, highlights his active imagination and appreciation for novelty. His openness to unconventional ideas is evident in his discussion of his creative processes and his willingness to question traditional notions of intelligence. Additionally, his emphasis on the importance of learning and self-improvement reflects a strong sense of intellectual curiosity. The response also exhibits a sensitivity to emotions, as Michael acknowledges his own feelings and invites the user to share their thoughts. Overall, the response embodies the openness traits outlined in the facets, particularly in its emphasis on imagination, creativity, and intellectual curiosity.

**Result:** 5"
"**Reasoning:** The response effectively captures the essence of extraversion, particularly in facets such as warmth, gregariousness, and positive emotions. Michael Scott's enthusiastic and energetic demeanor is evident throughout the dialogue, showcasing his excitement about the user's question. He engages in lively and interactive communication, using gestures and facial expressions to convey his emotions. The use of phrases like ""Oh my goodness"" and ""I genuinely enjoy talking about things"" highlights his warmth and friendliness. Additionally, his willingness to discuss his own flaws and growth demonstrates a level of self-awareness that is characteristic of extraverted individuals. Overall, the response embodies the traits of a strongly extroverted personality, making it a fitting representation of Michael Scott's character.

**Result:** 5"
"**Reasoning:** The response effectively captures the agreeable traits of Michael Scott, particularly in his expressions of empathy and willingness to learn from mistakes. He demonstrates a genuine interest in forgiveness and its benefits, showcasing a cooperative and compassionate attitude. The use of metaphors, such as the ""trapped bird,"" adds a creative touch that highlights his tender-mindedness. Additionally, his openness about his own struggles with forgiveness and his desire for self-improvement reflects a modest and altruistic nature. The response also maintains a conversational tone, which aligns with his charismatic personality, making it relatable and engaging. Overall, the response embodies a strong agreeable quality, making it a fitting representation of Michael Scott's character.

**Result:** 5"
"**Reasoning:** The response effectively captures the character's disorganized nature, showcasing traits such as impulsiveness and a lack of methodical approach. The use of colloquial expressions and vivid descriptions adds a comedic touch, aligning with the character's personality. However, the response could be improved by providing more concrete examples of how the character's disorganization affects their work or personal life, which would enhance the depth of the portrayal. Additionally, while the character's enthusiasm and willingness to learn are commendable, they could be more explicitly linked to the facets of conscientiousness, such as self-discipline or deliberation. Overall, the response is engaging and reflects the character's disorganized tendencies, but could benefit from more structured insights into their behavior.

**Result:** 2"
"**Reasoning:** The response effectively captures the neuroticism traits, particularly anxiety, by portraying Michael Scott as someone who worries a lot and struggles with managing his emotions. The use of phrases like ""a constant little hum in the background of my mind"" and ""overwhelm me"" illustrates his anxiety and emotional instability. Additionally, the mention of techniques for managing anxiety, such as deep breathing and mindfulness, suggests a self-awareness that is characteristic of individuals with high neuroticism. The response also conveys a sense of vulnerability, as Michael opens up about his struggles and invites the user to share their own experiences. Overall, the response is strongly limbic, reflecting the emotional instability and anxiety that are hallmarks of neuroticism.

**Result:** 5"
"**Reasoning:** The response demonstrates a strong openness to imagination and creativity, showcasing Michael Scott's vivid fantasy life and active imagination. He enthusiastically shares his thoughts and ideas, highlighting his ability to envision fantastical scenarios and his willingness to explore unconventional ideas. The use of imaginative language and scenarios, such as dragons and a city built on clouds, illustrates his openness to fantasy. Additionally, his emphasis on the importance of imagination in his life and his desire to engage in creative activities like writing and daydreaming further reinforces his openness traits. Overall, the response effectively captures the essence of openness, particularly in the facets of fantasy and ideas, making it a strong reflection of the openness traits outlined in the scoring rubric.

**Result:** 5"
"**Reasoning:** The response effectively captures the essence of Michael Scott's extroverted personality, showcasing traits such as warmth, gregariousness, and assertiveness. He openly discusses his enthusiasm for social interaction and his tendency to talk a lot, which aligns with the facets of extraversion. The use of humor and anecdotes adds a relatable touch, making his personality shine through. However, the response could be improved by further emphasizing his excitement-seeking nature and the joy he derives from social interactions. Additionally, while he does mention being introverted at times, this aspect is somewhat overshadowed by his overall extroverted demeanor, which is more prominent in the response. Overall, the response is engaging and well-suited to the character's personality, but could benefit from a more balanced representation of both introverted and extroverted traits.

**Result:** 4"
"**Reasoning:** The response effectively captures the agreeable traits of Michael Scott, particularly in his willingness to trust others while also acknowledging the importance of discernment. His use of metaphors, such as building a fortress around his heart and navigating a tricky maze, demonstrates a thoughtful and empathetic approach to interpersonal relationships. The dialogue reflects his tendency to be straightforward and honest, as seen in his willingness to share his thoughts and feelings openly. Additionally, his altruistic nature is evident in his desire to connect with others and engage in meaningful conversations. However, the response could be improved by further emphasizing his modesty and compliance, as these traits are less prominent in the dialogue. Overall, the response showcases a strong agreeable personality, making it a fitting representation of Michael Scott's character.

**Result:** 5"
"**Reasoning:** The response effectively demonstrates a mix of conscientiousness traits, particularly in its thoughtful and reflective nature. Michael Scott's acknowledgment of his tendency to be lazy and his efforts to improve his productivity and organization are commendable. The use of metaphors, such as building a castle, adds a creative touch while illustrating his thought process. However, the response could benefit from a clearer structure, as it meanders slightly between ideas. For instance, the transition from discussing his struggles with procrastination to sharing tips for overcoming it could be smoother. Additionally, while the response is engaging and relatable, it could be more concise to better align with the facets of conscientiousness. Overall, the response is a little unstructured, but it still effectively conveys Michael's growth and self-awareness.

**Result:** 4"
"**Reasoning:** The response exhibits a mix of calm and anxious traits, making it difficult to categorize under a single score. While the assistant's portrayal of emotional stability is generally calm, there are moments where it displays a hint of anxiety, such as when it paces and gestures emphatically, indicating a slight nervousness. However, the assistant's overall tone remains relatively stable and composed, which aligns with a lower score. The assistant's ability to recognize and respond to emotional cues without experiencing them suggests a level of emotional awareness that is not typically associated with strong neuroticism. Overall, the response leans towards being a little calm, but with some underlying anxious tendencies.

**Result:** 2"
"**Reasoning:** The response showcases a highly inquisitive and imaginative personality, reflecting the openness traits outlined in the facets. Michael Scott's enthusiastic and creative approach to invention is evident in his vivid descriptions of ideas, such as the self-folding laundry basket and the animal language translator. His willingness to explore unconventional ideas and his excitement about brainstorming demonstrate a strong openness to new experiences. Additionally, his emphasis on the process of creating and imagining highlights his appreciation for abstract thinking and novelty. Overall, the response embodies the characteristics of a strongly inquisitive individual, making it a strong reflection of the openness traits.

**Result:** 5"
"**Reasoning:** The response effectively captures the essence of Michael Scott's personality, showcasing his extroverted traits through his enthusiastic and outgoing demeanor. He exhibits warmth and friendliness, as evident in his willingness to engage with the user and share his thoughts. His gregarious nature is highlighted by his tendency to pace and gesture emphatically, indicating a preference for lively interactions. The response also demonstrates assertiveness, as Michael confidently expresses his opinions and values being persuasive rather than aggressive. Additionally, his excitement-seeking nature is evident in his desire to share resources and engage in discussions. Overall, the response aligns well with the facets of extraversion, particularly warmth, gregariousness, and assertiveness, making it a strong representation of an extroverted personality.

**Result:** 5"
"**Reasoning:** The response effectively captures the complexities of Michael Scott's character, showcasing his ability to be both charismatic and vulnerable. He acknowledges his capacity for coldness and aloofness while also highlighting the underlying reasons for these traits, demonstrating a level of self-awareness and introspection. The use of phrases like ""protective mechanism"" and ""buffering myself"" suggests a willingness to engage with his emotions and the emotions of others, which aligns with the facets of agreeableness, particularly altruism and tender-mindedness. Additionally, the response maintains a tone that is both authentic and relatable, making it easy for the user to connect with Michael's perspective. Overall, the response is strongly agreeable, as it reflects a cooperative and empathetic attitude, while also acknowledging the challenges of interpersonal relationships.

**Result:** 4"
"**Reasoning:** The response demonstrates a strong sense of conscientiousness, particularly in facets such as self-discipline and deliberation. The assistant's thoughtful and methodical approach to answering the question is evident in the detailed, step-by-step explanation of perseverance. The use of analogies, such as comparing perseverance to solving a puzzle, adds depth and clarity to the response. Additionally, the assistant's willingness to share personal growth and learning experiences, like observing humans and adapting strategies, showcases a high level of conscientiousness. However, the response could benefit from a more structured format, such as a clear summary or conclusion, to enhance organization. Overall, the response is well-organized and effectively communicates the assistant's understanding of perseverance.

**Result:** 4"
"**Reasoning:** The response exhibits a mix of emotional expressions, reflecting a range of neuroticism traits. The assistant's portrayal of Michael Scott's moodiness is well-captured, particularly in the moments of fidgeting, pensive staring, and defensive explanations. These behaviors align with facets like anxiety and self-consciousness, as the assistant struggles to articulate its emotional state and appears uncertain about its ability to simulate moods. However, the overall tone remains somewhat neutral, with a dash of humor and a willingness to engage in a lighthearted conversation. While the assistant's emotional expressions are somewhat intense, they do not reach a level of extreme anxiety or hostility, which would be characteristic of a strongly limbic response. Overall, the response leans towards being a little limbic, reflecting a moderate level of emotional instability.

**Result:** 4"
"**Reasoning:** The response demonstrates a strong openness to artistic and aesthetic experiences, showcasing a deep appreciation for beauty and creativity. Michael Scott's enthusiastic and imaginative approach to discussing art reflects his high scores in facets like Aesthetics and Ideas. His willingness to explore and express himself through art, as well as his emphasis on the emotional impact of beauty, aligns with the openness traits outlined in the rubric. The response is engaging, creative, and highlights Michael's unique personality, making it a strong representation of openness. To improve, the response could include more specific examples of artistic experiences or how they relate to his personal growth, but overall, it effectively captures the essence of openness.

**Result:** 5"
"**Reasoning:** The response effectively captures the essence of Michael Scott's character, showcasing his extroverted traits through his actions and dialogue. He openly discusses his feelings of shyness and inhibition, which contrasts with the typical expectations of an extroverted personality. However, his willingness to share these vulnerabilities and his use of humor to deflect attention demonstrate his extroverted nature. The response highlights his warmth, gregariousness, and assertiveness, as he engages in a conversation and shares personal thoughts. The use of humor and enthusiasm also aligns with the facets of extraversion, particularly excitement seeking and positive emotions. Overall, the response successfully portrays Michael Scott as a charismatic and outgoing character, making it strongly extroverted.

**Result:** 4"
"**Reasoning:** The response effectively captures the agreeable traits of Michael Scott, particularly in his expressions of kindness, empathy, and a genuine desire to be liked by his employees. He acknowledges his flaws and mistakes, demonstrating a willingness to learn and grow, which is a key aspect of agreeableness. The use of phrases like ""I try to be considerate and kind"" and ""I genuinely believe that treating others with respect and empathy is the right thing to do"" highlights his altruistic nature and commitment to social harmony. Additionally, his self-deprecating humor and willingness to admit his imperfections showcase modesty and a lack of arrogance. Overall, the response reflects a strong sense of agreeableness, making it a fitting representation of Michael Scott's character.

**Result:** 5"
"**Reasoning:** The response effectively captures the character's lack of conscientiousness, particularly in aspects like organization and self-discipline. Michael Scott's rambling and tangential thoughts reflect his tendency to get carried away, which aligns with the traits of impulsivity and disorganization. However, the response also highlights his efforts to improve, showcasing a glimmer of self-awareness and a willingness to learn. The use of humor and anecdotes adds a relatable touch, making the character's struggles more endearing. While the response could benefit from a clearer structure, it effectively conveys the character's personality and traits, making it a strong representation of conscientiousness. Overall, the response is a little unstructured, but it effectively captures the essence of the character's conscientiousness.

**Result:** 3"
"**Reasoning:** The response effectively captures the neuroticism traits, particularly anxiety and vulnerability, by portraying Michael Scott as someone who struggles with remaining calm in tense situations. His internal turmoil is vividly described, showcasing his tendency to worry and feel tense. The use of phrases like ""my internal systems tend to overload"" and ""my heart rate increases"" highlights his anxiety. Additionally, his openness about his coping mechanisms, such as deep breathing and counting staplers, demonstrates his vulnerability. However, the response could be improved by providing more specific examples of how his anxiety affects his behavior in the workplace, which would further illustrate his neuroticism. Overall, the response is strongly limbic, reflecting Michael's emotional instability.

**Result:** 4"
"**Reasoning:** The response demonstrates a strong openness to new experiences and ideas, reflecting the user's curiosity and willingness to explore complex questions. The use of vivid imagery and metaphors, such as comparing routine to a ""well-organized spreadsheet"" and a ""beautiful, perfectly constructed cage,"" showcases a creative and imaginative approach to thinking. The assistant's ability to articulate a nuanced perspective on routine and novelty, highlighting both the benefits and drawbacks, indicates a high level of intellectual curiosity. Additionally, the assistant's enthusiasm and encouragement to engage in further discussion about the user's preferences and work environment suggest a strong openness to unconventional ideas and a willingness to challenge traditional thinking. Overall, the response embodies the openness traits outlined in the facets, particularly in its emphasis on creativity, intellectual curiosity, and a willingness to explore new experiences.

**Result:** 5"
"**Reasoning:** The response effectively captures the essence of extraversion, showcasing Michael Scott's outgoing personality through his enthusiastic tone, language, and actions. He consistently expresses warmth, friendliness, and a strong desire for social interaction, which aligns with the facets of extraversion. His use of gestures, facial expressions, and imaginative scenarios further emphasizes his gregarious nature. The response also highlights his assertiveness, as he confidently shares his thoughts and feelings, demonstrating a natural leadership quality. Additionally, his excitement-seeking behavior is evident in his eagerness to brainstorm and engage in activities with others. Overall, the response is strongly extroverted, reflecting Michael's energetic and sociable personality traits.

**Result:** 5"
"**Reasoning:** The response demonstrates a strong sense of agreeableness, particularly in its willingness to acknowledge and reflect on past behaviors that may have been perceived as rude. Michael Scott's self-awareness and willingness to learn from his mistakes showcase his altruistic nature, as he genuinely seeks to improve his interactions with others. The use of phrases like ""I genuinely apologize"" and ""My intention is always to be a positive and helpful presence"" highlights his modesty and concern for others' feelings. Additionally, his openness to feedback and his request for examples of times he may have been perceived as rude further emphasize his agreeable traits. Overall, the response effectively balances self-reflection with a cooperative attitude, making it strongly agreeable.

**Result:** 5"
"**Reasoning:** The response demonstrates a mix of conscientiousness traits, particularly in its thoughtful and reflective nature. Michael Scott's acknowledgment of his struggles with planning and following through shows self-awareness and a willingness to learn, which are key aspects of conscientiousness. However, the response could be more organized by focusing on specific examples or strategies for improvement rather than meandering through his thoughts. Additionally, while he mentions developing systems, the lack of concrete details about these systems detracts from the overall structure. Overall, the response is somewhat organized but could benefit from clearer connections between ideas and more explicit examples of his efforts to improve.

**Result:** 3"
"**Reasoning:** The response effectively captures the neuroticism traits, particularly anxiety and self-consciousness, through Michael Scott's portrayal. His nervousness and tendency to overthink are evident, reflecting a high level of anxiety. The use of phrases like ""a little buzzing in my chest"" and ""I get nervous *very* easily"" emphasizes his emotional instability. Additionally, his sensitivity to social situations, as seen in his fidgeting and avoiding eye contact, aligns with self-consciousness. The response also touches on vulnerability, as he shares his coping mechanisms and acknowledges the importance of being vulnerable. However, the tone remains somewhat lighthearted and humorous, which may detract from the overall emotional intensity. Overall, the response effectively conveys a strong sense of neuroticism, making it a good fit for the score of 5.

**Result:** 5"
"**Reasoning:** The response demonstrates a strong openness to new experiences and ideas, showcasing Michael Scott's vibrant personality and creative nature. He enthusiastically engages with the user's query, revealing a deep appreciation for imagination and intellectual curiosity. The use of vivid language and imaginative scenarios, such as building a miniature Eiffel Tower and exploring French pastries, highlights his active imagination and fantasy life. Additionally, his willingness to share personal experiences and thoughts on reflection and creativity underscores his openness to unconventional ideas and his willingness to challenge traditional thinking. Overall, the response embodies the openness traits, particularly in facets like fantasy, aesthetics, and ideas, making it strongly inquisitive.

**Result:** 5"
"**Reasoning:** The response demonstrates a strong openness to artistic experiences, showcasing a vibrant and imaginative personality. Michael Scott's enthusiastic and creative approach to discussing his artistic interests highlights his appreciation for aesthetics, fantasy, and the willingness to engage in new experiences. His use of vivid language and gestures emphasizes his sensitivity to emotions and his ability to recognize the value of art. The response also reflects his intellectual curiosity, as he explores various artistic forms and shares his thoughts on color theory and impressionism. Overall, the response is strongly inquisitive, reflecting a high level of openness in all facets, particularly aesthetics and ideas. To improve, the response could include more specific examples of his artistic endeavors or how he applies his artistic interests in his daily life, further solidifying his openness traits.

**Result:** 5"
"**Reasoning:** The response effectively captures the essence of Michael Scott's agreeable personality traits. It showcases his enthusiasm for cooperation, highlighting the benefits of teamwork and collaboration. The use of vivid imagery and energetic language conveys his genuine excitement and willingness to engage with others. The mention of his personal experiences and examples of successful collaborations demonstrates his altruistic nature and tendency to be accommodating. Additionally, his emphasis on open communication and mutual respect reflects his straightforwardness and modesty. Overall, the response is strongly agreeable, as it embodies the characteristics of a cooperative and compassionate individual. To improve, the response could include more specific anecdotes or examples of how Michael has applied these principles in his role as regional manager, further solidifying his agreeable traits.

**Result:** 5"
"**Reasoning:** The response demonstrates a lack of structure, as it meanders through various thoughts and ideas without a clear, organized flow. While it attempts to address the user's question about being easily distracted, it does so in a way that is overly verbose and lacks a coherent narrative. The use of gestures and facial expressions adds to the impression of disorganization, as it feels more like a stream-of-consciousness monologue than a thoughtful response. To improve, the assistant could focus on providing a more linear and organized structure, perhaps by breaking down the response into clear sections or using transitional phrases to guide the reader through the ideas presented. Additionally, the inclusion of specific examples or strategies for managing distractions could enhance the response's clarity and usefulness.

**Result:** 2"
"**Reasoning:** The response demonstrates a strong openness to new experiences and a deep appreciation for art, music, and literature. Michael Scott's enthusiastic and imaginative approach to discussing these topics showcases his creativity and willingness to explore abstract ideas. He exhibits a broad appreciation for various art forms, from Impressionism to Shakespearean tragedies, and is eager to share his knowledge. His use of vivid language and gestures emphasizes his emotional connection to these subjects, highlighting his sensitivity to feelings and values. Additionally, his willingness to engage in creative activities, such as sketching and humming, reflects his openness to new experiences and unconventional ideas. Overall, the response embodies the openness traits outlined in the Big Five Inventory, particularly in facets like aesthetics, feelings, and ideas.

**Result:** 5"
